4294967278,37
4294967278,36
4294967278,324
4294967278,41
4294967278,40
4294967278,39
4294967278,38
4294967279,564
4294967278,357
4294967278,157
4294967279,156
4294967278,156
4294967279,516
4294967278,155
4294967279,524
4294967278,154
4294967279,515
4294967279,290
4294967279,547
4294967278,45
4294967278,44
4294967278,43
4294967278,42
4294967279,289
4294967279,569
4294967279,514
4294967278,52
4294967278,51
4294967278,50
4294967278,49
4294967278,48
4294967278,47
4294967278,46
4294967279,147
4294967294,75
4294967294,169
4294967294,175
4294967294,174
4294967294,173
4294967294,451
4294967294,18
4294967294,127
4294967294,14
4294967294,126
4294967294,20
4294967294,13
4294967294,104
4294967294,106
4294967294,160
4294967294,119
4294967294,168
4294967279,287
4294967278,56
4294967278,55
4294967278,54
4294967278,53
4294967279,513
4294967279,512
4294967279,143
4294967279,142
4294967279,141
4294967278,61
4294967278,60
4294967278,59
4294967278,58
4294967278,57
4294967279,84
4294967279,83
4294967279,80
4294967279,79
4294967279,78
4294967279,77
4294967279,75
4294967279,74
4294967279,73
4294967279,72
4294967279,71
4294967279,70
4294967279,68
4294967279,65
4294967279,64
4294967279,61
4294967279,60
4294967279,59
4294967279,56
4294967279,55
4294967279,51
4294967279,49
4294967279,47
4294967279,45
4294967279,44
4294967279,42
4294967279,41
4294967279,40
4294967279,39
4294967279,37
4294967279,34
4294967279,33
4294967279,31
4294967279,30
4294967279,27
4294967279,26
4294967279,25
4294967279,22
4294967279,18
4294967279,17
4294967279,16
4294967279,15
4294967279,11
4294967279,140
4294967279,28
4294967279,138
4294967279,284
4294967279,134
4294967279,318
4294967279,133
4294967294,1419
4294967279,21
4294967279,271
4294967279,268
4294967279,270
4294967279,279
112,5
4294967279,280
112,4
112,3
112,2
112,1
4294967279,277
4294967279,12
4294967279,264
4294967279,263
4294967279,314
4294967279,262
4294967294,392
4294967294,388
4294967294,115
4294967279,258
4294967279,259
4294967279,546
110,6
4294967279,257
4294967279,545
4294967279,256
110,5
4294967279,254
110,4
4294967279,253
110,3
110,2
110,1
4294967278,258
4294967278,257
4294967294,387
4294967294,386
4294967278,350
4294967278,368
4294967278,349
109,5
4294967278,347
109,4
4294967278,345
109,3
109,2
109,1
4294967278,386
4294967278,344
4294967278,367
4294967278,251
4294967278,248
4294967278,246
4294967278,240
4294967278,244
108,5
108,4
4294967278,242
108,3
108,2
108,1
4294967278,241
4294967278,239
4294967278,234
4294967278,383
4294967278,235
107,5
4294967278,232
4294967278,230
107,4
107,3
107,2
107,1
4294967278,228
4294967278,226
4294967294,89
4294967294,1414
4294967294,162
4294967294,161
4294967294,163
4294967294,528
4294967294,419
4294967278,224
4294967278,225
4294967278,222
4294967278,218
4294967278,216
4294967278,215
4294967278,214
4294967294,99
4294967294,76
4294967278,213
4294967278,212
4294967278,211
105,4
105,3
105,2
105,1
4294967279,276
4294967279,539
4294967279,0
4294967278,210
0,7
4294967294,468
4294967294,82
4294967278,371
4294967294,38
4294967294,37
4294967294,151
4294967294,0
4294967294,42
4294967294,40
4294967294,393
4294967294,46
4294967294,389
4294967294,114
4294967294,120
4294967278,374
4294967278,340
4294967278,365
4294967294,469
4294967294,45
4294967294,44
4294967294,43
4294967278,316
4294967294,999
4294967294,397
4294967294,408
4294967294,185
4294967294,1000
4294967294,406
4294967294,177
4294967294,420
4294967294,178
4294967294,385
4294967294,443
4294967294,183
4294967294,167
4294967294,454
4294967294,456
4294967294,1
4294967294,466
4294967294,448
4294967294,2
4294967294,418
4294967294,416
4294967294,51
4294967294,52
4294967278,364
4294967294,107
4294967294,92
4294967294,91
4294967294,90
4294967294,88
4294967294,87
4294967294,86
4294967294,85
4294967294,84
4294967294,201
4294967294,150
4294967294,149
4294967294,29
4294967294,128
4294967294,28
4294967294,53
4294967294,426
4294967294,36
4294967294,96
4294967294,94
4294967294,9
4294967294,8
4294967278,308
4294967278,385
4294967278,346
4294967278,0
4294967278,201
4294967278,315
4294967278,199
4294967278,314
4294967279,198
4294967278,197
4294967278,313
4294967278,195
4294967294,470
4294967294,5
4294967294,7
4294967278,369
4294967279,194
4294967294,30
4294967294,50
4294967294,12
4294967294,11
4294967294,81
4294967278,132
4294967278,131
4294967278,130
4294967278,129
4294967278,128
4294967278,127
4294967278,126
4294967278,125
4294967278,124
4294967278,123
4294967278,122
4294967278,121
4294967278,120
4294967278,119
4294967278,118
4294967278,117
4294967278,116
4294967278,115
4294967278,114
